# config.toml
['USDC.F']
Time = 1758637044528.883
Size = 0.00003472
['USDT.F']
Time = 1758637044149.921
Size = 190.52719962
['ZUSD.F']
Time = 1758637043897.351
Size = 355.7371
['TAO.F']
Time = 1758637043518.962
Size = 0.00006783
